0	465873
1922	6
1924	3
1925	7
1926	17
1927	39
1928	49
1929	90
1930	40
1931	34
1932	11
1933	6
1934	28
1935	24
1936	25
1937	26
1938	19
1939	33
1940	50
1941	32
1942	24
1943	14
1944	14
1945	30
1946	29
1947	56
1948	42
1949	57
1950	81
1951	71
1952	72
1953	128
1954	120
1955	262
1956	545
1957	577
1958	560
1959	572
1960	403
1961	558
1962	582
1963	870
1964	915
1965	1070
1966	1330
1967	1660
1968	1795
1969	2117
1970	2254
1971	2038
1972	2198
1973	2506
1974	2097
1975	2398
1976	2096
1977	2419
1978	2830
1979	2975
1980	2988
1981	3041
1982	3464
1983	3224
1984	3218
1985	3446
1986	4081
1987	4936
1988	5416
1989	6441
1990	6975
1991	8321
1992	9197
1993	10183
1994	11653
1995	12761
1996	13631
1997	14621
1998	15253
1999	17499
2000	18579
2001	20782
2002	22583
2003	26357
2004	28450
2005	33662
2006	36111
2007	37918
2008	33410
2009	29831
2010	9061
2011	1
